234 7,10,2,6,11,1,8,9,4,3,5,0
1 39,21,38,24,23,36,16,31,22,34,29,26,33,17,14,27,40,37,19,30,41,35,18,15,28,13,25,32,20,12
4 49,52,53,50,48,47,42,46,44,51,45,43
16 64,57,65,61,56,62,55,59,54,58,63,60
18 109,111,113,92,95,90,67,99,107,88,68,112,83,106,110,93,101,97,69,84,96,79,76,104,98,78,91,66,94,73,75,89,108,72,87,82,74,77,103,105,71,81,70,102,80,100,85,86
19 125,114,118,121,122,116,120,119,123,117,115,124
21 130,126,155,160,143,157,145,161,154,139,144,135,150,149,151,141,133,128,142,137,127,148,158,140,146,153,134,138,156,131,159,147,129,152,132,136
23 165,162,175,172,177,176,173,169,168,179,163,174,170,166,178,164,167,171
24 191,190,189,180,184,186,185,187,182,183,188,181
25 193,194,192,195,203,202,199,197,200,196,198,201
28 217,221,209,206,212,211,215,205,213,208,216,218,207,204,219,220,214,210
30 239,237,232,231,236,238,227,235,223,228,230,229,222,233,234,226,225,224
31 255,253,247,256,241,248,242,243,257,240,246,244,245,254,252,250,249,251
32 265,279,264,258,274,269,260,267,278,261,272,263,259,281,271,266,277,270,268,275,280,276,262,273
216 322,323,321,294,290,308,307,291,289,282,298,319,302,317,313,316,286,304,283,303,287,306,285,300,297,299,309,284,318,312,301,314,320,305,292,310,311,288,293,315,296,295
34 328,370,372,371,348,349,363,352,345,338,336,343,359,330,325,326,342,356,362,374,369,339,361,367,324,357,331,355,358,347,333,377,353,335,360,354,327,344,334,364,373,346,368,375,365,376,332,337,341,366,350,329,340,351
40 383,395,393,394,392,389,380,384,387,386,385,378,379,382,391,390,381,388
41 404,397,402,406,398,396,401,400,412,407,409,411,410,413,405,403,408,399
42 418,428,430,415,420,416,419,429,431,427,417,423,422,421,426,425,414,424
199 437,433,436,432,434,435
160 472,440,471,473,470,469,465,443,452,455,459,466,448,451,446,463,468,462,447,442,445,456,454,467,450,457,453,460,461,439,441,438,444,449,458,464
47 487,512,517,503,519,489,511,474,514,498,485,484,488,497,518,513,493,480,521,479,486,504,515,492,508,490,482,496,475,478,510,499,520,477,506,505,495,507,516,483,501,481,494,476,500,491,509,502
78 548,549,538,551,545,529,547,544,550,528,525,540,546,536,522,532,533,524,531,541,526,523,527,539,530,534,535,537,542,543
48 563,552,560,554,562,553,556,557,561,555,558,559
53 575,564,572,574,570,566,569,567,568,571,573,565
250 593,590,592,580,579,587,577,588,583,586,585,582,578,576,584,589,581,591
49 595,604,603,601,600,596,594,602,599,605,598,597
257 607,606,609,611,610,608
22 622,615,619,620,618,623,616,614,613,621,617,612
67 652,654,657,651,656,650,638,648,655,628,647,642,626,658,630,636,634,653,644,633,659,629,635,645,632,643,627,639,641,631,624,625,640,646,649,637
68 676,690,695,692,691,684,663,685,689,675,666,665,667,686,669,688,687,693,694,671,678,674,662,672,683,660,679,661,668,682,673,680,664,681,677,670
69 706,701,702,707,705,699,697,696,704,700,703,698
71 725,723,721,722,724,713,709,720,712,708,717,718,719,714,716,711,715,710
74 736,732,735,727,733,729,730,731,737,734,726,728
75 790,788,794,759,770,767,763,772,783,774,764,754,789,751,756,743,781,738,745,793,752,795,762,765,742,740,786,778,780,739,787,784,760,777,791,757,747,758,748,741,761,750,779,753,769,746,768,749,771,755,775,744,796,797,792,782,785,776,766,773
76 803,802,800,799,798,801
159 814,808,804,815,809,812,813,810,806,811,807,805
80 845,885,822,903,838,898,901,897,904,837,817,899,900,909,819,894,856,869,828,832,850,872,864,842,873,833,818,816,824,880,911,892,877,888,910,906,896,821,871,874,835,883,851,893,867,863,829,848,868,859,907,870,836,862,826,827,878,890,905,830,886,847,839,882,889,858,891,846,844,855,866,887,853,860,852,831,876,840,841,865,820,834,861,843,857,908,849,881,879,825,902,875,823,884,895,854
82 928,929,914,924,916,919,918,920,913,921,917,923,915,925,927,912,926,922
83 931,945,942,966,971,960,973,972,936,974,954,961,951,970,967,930,975,935,940,965,949,937,946,962,976,977,952,959,943,955,941,957,938,964,963,939,968,944,948,969,953,934,932,933,956,958,950,947
84 978,980,983,981,979,982
87 992,986,1013,1010,989,990,1011,998,1009,1008,1012,997,1003,1002,985,996,1005,995,999,988,1000,1007,994,1001,987,1006,993,984,1004,991
88 1019,1016,1018,1017,1015,1014
90 1020,1030,1028,1025,1022,1026,1023,1024,1029,1031,1027,1021
92 1037,1041,1035,1042,1043,1040,1036,1033,1039,1032,1038,1034
96 1044,1052,1048,1053,1054,1047,1055,1051,1050,1045,1049,1046
98 1066,1060,1067,1065,1058,1062,1063,1056,1061,1064,1057,1059
97 1068,1073,1083,1084,1078,1081,1085,1082,1080,1074,1077,1071,1069,1070,1072,1079,1075,1076
102 1090,1086,1087,1088,1089,1091
190 1096,1095,1097,1093,1092,1094
105 1100,1109,1106,1104,1102,1101,1103,1105,1098,1107,1108,1099
50 1111,1112,1114,1110,1115,1113
106 1117,1120,1118,1116,1119,1121
108 1147,1132,1128,1130,1148,1151,1125,1138,1142,1139,1146,1149,1136,1122,1134,1150,1140,1137,1124,1123,1127,1129,1145,1133,1126,1144,1141,1135,1131,1143
112 1159,1153,1162,1156,1152,1158,1160,1157,1163,1161,1155,1154
119 1186,1175,1182,1178,1164,1165,1184,1181,1187,1172,1180,1185,1179,1168,1171,1183,1174,1166,1173,1177,1170,1169,1167,1176
120 1198,1196,1194,1191,1195,1199,1188,1193,1197,1190,1189,1192
121 1204,1203,1207,1222,1224,1228,1208,1219,1212,1221,1223,1214,1200,1220,1216,1226,1213,1225,1209,1210,1227,1229,1202,1206,1218,1201,1211,1205,1217,1215
122 1266,1291,1238,1247,1285,1254,1271,1241,1288,1230,1243,1233,1245,1290,1277,1273,1286,1232,1295,1267,1237,1294,1293,1280,1287,1255,1239,1283,1268,1231,1278,1234,1274,1252,1246,1282,1248,1240,1261,1235,1289,1250,1264,1251,1242,1270,1272,1292,1281,1262,1260,1258,1249,1259,1257,1269,1244,1265,1276,1279,1256,1236,1275,1284,1253,1263
65 1311,1312,1302,1313,1304,1303,1298,1305,1307,1299,1308,1309,1300,1301,1296,1297,1310,1306
124 1319,1317,1314,1318,1316,1315
125 1321,1323,1320,1322,1325,1324
115 1330,1326,1331,1328,1329,1327
126 1337,1332,1336,1334,1335,1333
128 1341,1352,1353,1354,1342,1343,1340,1355,1346,1348,1351,1350,1344,1339,1347,1349,1338,1345
131 1446,1359,1372,1380,1422,1467,1450,1381,1410,1387,1364,1413,1395,1416,1376,1414,1385,1404,1444,1382,1447,1456,1366,1426,1415,1475,1408,1377,1398,1442,1451,1433,1439,1445,1454,1428,1448,1458,1429,1370,1379,1407,1457,1389,1443,1449,1452,1397,1412,1421,1465,1441,1388,1363,1418,1434,1471,1424,1436,1392,1361,1453,1464,1459,1466,1356,1432,1357,1401,1391,1455,1425,1365,1369,1437,1440,1384,1405,1403,1394,1438,1474,1390,1367,1435,1420,1373,1358,1409,1393,1362,1400,1375,1461,1368,1396,1383,1427,1431,1399,1411,1463,1374,1417,1402,1423,1419,1468,1460,1386,1378,1360,1430,1469,1470,1371,1406,1472,1473,1462
129 1476,1481,1478,1477,1479,1480
130 1484,1487,1486,1483,1482,1485
134 1494,1499,1489,1490,1491,1497,1495,1498,1493,1496,1492,1488
138 1504,1503,1500,1505,1502,1501
142 1529,1506,1521,1511,1526,1518,1508,1528,1517,1525,1513,1509,1512,1523,1507,1519,1515,1514,1520,1527,1516,1510,1524,1522
144 1535,1533,1532,1534,1531,1530
60 1573,1544,1575,1571,1574,1562,1547,1537,1569,1536,1543,1560,1539,1548,1538,1559,1546,1553,1563,1556,1545,1565,1561,1552,1557,1541,1542,1550,1555,1577,1572,1564,1554,1551,1540,1558,1576,1549,1568,1567,1566,1570
146 1587,1581,1580,1593,1594,1579,1595,1583,1578,1584,1586,1589,1591,1588,1590,1582,1592,1585
147 1606,1612,1603,1610,1608,1600,1611,1607,1613,1597,1598,1599,1602,1609,1604,1605,1596,1601
148 1617,1616,1614,1615,1619,1618
151 1630,1631,1629,1622,1620,1628,1624,1626,1623,1621,1627,1625
152 1657,1664,1656,1661,1651,1659,1645,1654,1649,1642,1640,1652,1634,1650,1655,1648,1636,1658,1644,1646,1633,1660,1667,1632,1663,1653,1643,1641,1662,1665,1666,1647,1639,1635,1638,1637
153 1688,1686,1675,1689,1681,1679,1673,1674,1682,1671,1684,1691,1676,1680,1669,1683,1670,1697,1694,1678,1693,1695,1677,1696,1672,1690,1687,1685,1668,1692
165 1715,1714,1706,1702,1709,1707,1712,1713,1703,1710,1704,1711,1708,1699,1705,1698,1701,1700
167 1717,1719,1721,1718,1720,1716
168 1730,1723,1731,1726,1725,1722,1728,1729,1732,1727,1733,1724
169 1769,1739,1765,1740,1762,1761,1750,1744,1742,1760,1743,1748,1766,1749,1745,1734,1738,1736,1758,1747,1757,1768,1755,1735,1759,1751,1763,1754,1737,1767,1746,1753,1764,1752,1756,1741
171 1778,1774,1776,1777,1770,1772,1780,1779,1771,1773,1775,1781
172 1783,1784,1787,1782,1786,1785
175 1806,1789,1811,1803,1802,1825,1814,1791,1833,1834,1835,1804,1790,1799,1801,1830,1832,1800,1827,1793,1819,1816,1813,1828,1818,1826,1808,1805,1810,1794,1822,1831,1788,1812,1809,1815,1807,1797,1817,1796,1824,1798,1820,1795,1829,1821,1792,1823
177 1845,1865,1849,1863,1861,1858,1847,1862,1864,1854,1842,1848,1850,1846,1855,1836,1856,1841,1839,1851,1844,1840,1837,1853,1860,1859,1838,1852,1857,1843
178 1876,1878,1871,1866,1867,1870,1873,1882,1881,1875,1868,1879,1883,1874,1872,1880,1877,1869
179 1888,1885,1889,1886,1887,1884
182 1893,1890,1891,1895,1894,1892
183 1907,1901,1899,1905,1900,1904,1906,1898,1896,1897,1903,1902
73 1921,1911,1910,1922,1924,1908,1919,1925,1916,1920,1918,1912,1914,1909,1923,1917,1913,1915
184 1934,1931,1928,1935,1933,1926,1932,1927,1930,1936,1937,1929
186 1940,1956,1942,1955,1953,1961,1952,1938,1944,1941,1957,1951,1954,1960,1946,1943,1958,1950,1948,1945,1947,1939,1949,1959
187 1975,1972,1993,1997,1967,1996,1992,1982,1973,1966,1977,1968,1970,1995,1989,1965,1974,1991,1963,1994,1971,1986,1988,1964,1985,1976,1969,1962,1980,1983,1979,1981,1990,1984,1978,1987
255 2009,2005,2003,2008,1998,2007,2002,1999,2001,2006,2004,2000
188 2029,2023,2031,2027,2032,2024,2014,2028,2012,2030,2013,2011,2010,2019,2022,2025,2020,2026,2033,2021,2016,2017,2015,2018
109 2035,2045,2061,2059,2063,2047,2049,2051,2057,2053,2039,2056,2040,2062,2052,2037,2054,2034,2043,2055,2041,2060,2050,2058,2046,2048,2038,2036,2042,2044
191 2082,2091,2087,2081,2075,2072,2069,2077,2066,2090,2093,2078,2067,2076,2070,2074,2071,2092,2073,2088,2085,2084,2065,2089,2079,2064,2086,2068,2083,2080
193 2095,2101,2097,2104,2105,2096,2094,2102,2100,2098,2099,2103
194 2120,2122,2121,2117,2118,2127,2108,2119,2107,2109,2110,2125,2111,2116,2129,2113,2112,2106,2115,2126,2114,2123,2128,2124
196 2157,2136,2156,2155,2151,2158,2143,2154,2144,2159,2139,2145,2131,2142,2149,2147,2138,2135,2152,2132,2146,2134,2140,2130,2133,2150,2148,2141,2137,2153
198 2238,2236,2213,2198,2212,2209,2231,2221,2161,2176,2211,2234,2172,2214,2166,2224,2178,2215,2217,2243,2167,2171,2194,2199,2168,2205,2216,2241,2175,2162,2202,2196,2183,2191,2164,2219,2173,2188,2240,2187,2228,2163,2200,2226,2206,2220,2210,2201,2197,2190,2181,2232,2180,2208,2169,2233,2230,2185,2222,2192,2177,2174,2237,2242,2204,2182,2218,2179,2235,2203,2193,2186,2184,2239,2170,2229,2189,2160,2223,2165,2207,2195,2227,2225
200 2252,2254,2253,2249,2248,2250,2255,2246,2245,2251,2247,2244
201 2275,2269,2259,2270,2282,2261,2273,2267,2278,2265,2258,2268,2272,2260,2279,2283,2284,2271,2281,2274,2263,2285,2256,2264,2277,2266,2257,2262,2280,2276
202 2290,2314,2315,2311,2298,2288,2313,2295,2289,2306,2299,2287,2305,2296,2292,2312,2301,2303,2291,2309,2308,2307,2297,2293,2300,2310,2286,2294,2302,2304
204 2318,2321,2317,2316,2319,2320
206 2344,2332,2334,2336,2324,2338,2343,2342,2326,2325,2328,2330,2333,2331,2337,2339,2335,2323,2322,2340,2341,2345,2329,2327
208 2354,2351,2349,2358,2353,2350,2348,2365,2364,2357,2347,2367,2362,2352,2346,2359,2360,2361,2356,2368,2355,2363,2366,2369
245 2372,2385,2387,2386,2370,2381,2383,2373,2375,2377,2371,2374,2378,2379,2384,2376,2380,2382
209 2399,2398,2392,2391,2390,2394,2389,2393,2397,2388,2396,2395
210 2423,2420,2422,2402,2406,2404,2411,2400,2413,2410,2403,2414,2401,2419,2412,2407,2418,2417,2409,2416,2421,2415,2408,2405
214 2459,2432,2429,2437,2446,2427,2462,2440,2441,2443,2461,2457,2434,2431,2436,2464,2452,2456,2433,2454,2465,2460,2426,2463,2453,2425,2458,2455,2438,2451,2448,2442,2445,2447,2435,2444,2439,2449,2424,2430,2428,2450
215 2469,2471,2470,2467,2468,2466
217 2474,2476,2477,2475,2472,2473
219 2489,2479,2487,2484,2492,2490,2483,2485,2480,2494,2481,2482,2488,2491,2495,2493,2486,2478
221 2513,2506,2505,2503,2507,2499,2511,2500,2512,2498,2502,2504,2510,2497,2509,2501,2508,2496
222 2569,2535,2550,2516,2572,2568,2551,2522,2517,2544,2566,2531,2547,2514,2554,2519,2563,2570,2533,2532,2525,2558,2543,2529,2536,2553,2561,2562,2521,2549,2523,2526,2540,2546,2539,2541,2524,2560,2515,2548,2552,2518,2573,2530,2537,2565,2520,2557,2545,2528,2559,2534,2538,2542,2571,2556,2555,2564,2527,2567
223 2589,2579,2591,2586,2590,2577,2578,2588,2585,2576,2580,2574,2582,2581,2583,2575,2584,2587
227 2609,2603,2596,2599,2602,2592,2601,2604,2605,2594,2598,2597,2595,2600,2607,2608,2606,2593
229 2610,2615,2612,2613,2614,2611
232 2616,2623,2622,2625,2629,2628,2632,2627,2617,2621,2633,2619,2631,2618,2624,2626,2630,2620
235 2635,2637,2636,2639,2634,2638
236 2644,2642,2640,2645,2643,2641
110 2651,2649,2647,2646,2650,2648
239 2654,2696,2698,2668,2697,2699,2657,2694,2695,2661,2677,2675,2672,2687,2663,2652,2671,2682,2692,2670,2689,2666,2667,2686,2683,2669,2690,2685,2664,2673,2656,2681,2674,2693,2662,2653,2660,2688,2665,2676,2678,2659,2684,2658,2655,2691,2679,2680
55 2718,2733,2707,2740,2725,2737,2739,2745,2746,2719,2747,2710,2701,2727,2721,2711,2743,2715,2744,2720,2728,2734,2713,2714,2735,2730,2724,2704,2722,2705,2708,2738,2712,2709,2729,2736,2732,2702,2741,2726,2700,2717,2706,2723,2731,2716,2703,2742
246 2748,2749,2753,2752,2750,2751
248 2769,2765,2771,2767,2757,2770,2762,2761,2756,2760,2768,2766,2764,2755,2759,2758,2754,2763
253 2783,2776,2782,2781,2775,2779,2778,2780,2772,2774,2777,2773
254 2788,2789,2786,2784,2785,2787
256 2797,2792,2801,2793,2794,2800,2790,2796,2795,2799,2798,2791
258 2842,2825,2827,2845,2843,2847,2849,2809,2805,2844,2802,2830,2812,2804,2819,2806,2817,2833,2832,2836,2824,2813,2848,2815,2810,2829,2846,2831,2823,2820,2822,2803,2841,2821,2839,2834,2828,2826,2814,2840,2818,2808,2807,2816,2811,2835,2837,2838
259 2855,2850,2859,2860,2854,2851,2853,2861,2858,2856,2857,2852
260 2872,2867,2876,2879,2868,2863,2878,2874,2862,2865,2866,2877,2869,2864,2873,2875,2871,2870
262 2880,2885,2889,2888,2883,2887,2881,2886,2882,2890,2891,2884
263 2903,2910,2914,2906,2907,2905,2911,2904,2898,2902,2912,2893,2894,2896,2895,2913,2900,2901,2892,2909,2908,2915,2897,2899
123 2926,2933,2916,2925,2920,2928,2931,2932,2922,2919,2917,2930,2918,2927,2929,2923,2921,2924
224 2944,2945,2939,2943,2940,2935,2938,2937,2936,2941,2934,2942
103 2960,2948,2964,2952,2949,2967,2966,2962,2958,2968,2951,2953,2969,2959,2965,2946,2950,2947,2956,2955,2961,2963,2957,2954
5 2980,2981,2979,2972,2975,2978,2974,2977,2973,2971,2976,2970
62 3003,3005,3004,2997,2991,2993,3002,2988,2992,2996,2994,2985,2995,2999,3001,2998,2983,2982,2987,2984,2986,2990,3000,2989
145 3039,3014,3024,3025,3036,3027,3017,3029,3038,3007,3011,3012,3034,3041,3035,3008,3019,3028,3023,3016,3032,3013,3037,3033,3040,3022,3030,3010,3020,3018,3026,3021,3006,3009,3031,3015
72 3047,3043,3042,3044,3046,3045
163 3104,3084,3067,3098,3074,3069,3105,3070,3096,3081,3088,3057,3092,3093,3071,3102,3100,3107,3060,3076,3086,3097,3089,3049,3058,3079,3059,3048,3106,3068,3063,3053,3103,3075,3065,3073,3087,3083,3085,3095,3051,3055,3072,3094,3062,3101,3099,3050,3052,3082,3091,3064,3056,3078,3080,3061,3077,3054,3090,3066
150 3113,3112,3110,3111,3108,3109
38 3116,3119,3115,3117,3118,3114
8 3133,3131,3125,3128,3136,3122,3120,3135,3134,3137,3127,3126,3124,3121,3123,3129,3130,3132
27 3138,3139,3140,3142,3141,3143
79 3149,3145,3146,3147,3148,3144
61 3175,3182,3181,3162,3152,3158,3178,3164,3176,3184,3174,3180,3151,3168,3163,3170,3173,3166,3171,3155,3153,3165,3161,3160,3179,3185,3156,3157,3150,3172,3154,3167,3159,3169,3183,3177
176 3203,3193,3194,3202,3188,3198,3190,3199,3200,3189,3192,3186,3196,3187,3201,3191,3195,3197
154 3212,3218,3220,3221,3206,3207,3216,3219,3215,3204,3210,3205,3214,3208,3209,3217,3213,3211
33 3224,3226,3223,3222,3227,3225
7 3245,3243,3231,3244,3241,3240,3237,3238,3230,3233,3229,3232,3236,3234,3239,3228,3235,3242
189 3251,3246,3250,3247,3248,3249
89 3265,3287,3257,3262,3292,3275,3288,3268,3266,3291,3290,3277,3252,3276,3289,3281,3284,3270,3253,3260,3254,3271,3255,3261,3286,3272,3259,3293,3274,3283,3263,3273,3258,3264,3282,3285,3256,3280,3278,3279,3269,3267
100 3296,3298,3303,3305,3302,3295,3300,3304,3297,3301,3294,3299
17 3306,3310,3308,3307,3309,3311
35 3317,3316,3312,3314,3313,3315
63 3320,3318,3321,3319,3323,3322
2 3334,3326,3324,3330,3332,3331,3344,3347,3328,3343,3340,3325,3339,3341,3327,3345,3346,3335,3338,3337,3329,3333,3342,3336
58 3359,3356,3357,3350,3351,3358,3353,3349,3352,3348,3354,3355
173 3375,3366,3373,3374,3372,3371,3369,3360,3367,3363,3377,3376,3362,3361,3370,3368,3365,3364
158 3383,3379,3380,3378,3382,3381
113 3429,3434,3389,3403,3405,3431,3423,3428,3421,3415,3395,3425,3413,3418,3417,3430,3407,3385,3420,3435,3419,3436,3398,3400,3432,3422,3408,3437,3390,3426,3397,3410,3409,3396,3424,3386,3404,3414,3387,3406,3416,3427,3411,3412,3394,3384,3388,3402,3391,3393,3399,3392,3433,3401
114 3443,3440,3438,3441,3442,3439
9 3454,3448,3456,3464,3445,3458,3460,3452,3467,3455,3449,3446,3451,3459,3466,3444,3463,3461,3447,3450,3457,3462,3465,3453
251 3473,3468,3469,3471,3472,3470
43 3479,3475,3476,3474,3477,3478
10 3496,3497,3487,3495,3488,3485,3481,3491,3494,3489,3482,3483,3490,3480,3492,3493,3486,3484
241 3503,3498,3502,3501,3500,3499
226 3519,3507,3527,3526,3508,3525,3522,3521,3514,3512,3518,3513,3510,3505,3504,3524,3506,3523,3520,3517,3515,3509,3516,3511
155 3536,3555,3557,3541,3553,3556,3554,3537,3547,3532,3550,3548,3535,3530,3543,3533,3546,3534,3549,3551,3552,3529,3544,3542,3531,3538,3539,3545,3528,3540
164 3561,3562,3563,3559,3560,3558
81 3564,3585,3586,3575,3584,3570,3569,3565,3583,3566,3567,3573,3579,3568,3572,3581,3587,3577,3580,3582,3571,3576,3574,3578
44 3593,3592,3589,3588,3590,3591
20 3599,3601,3603,3598,3600,3597,3605,3602,3594,3596,3604,3595
45 3623,3613,3612,3608,3614,3621,3610,3620,3606,3616,3611,3619,3607,3618,3609,3615,3617,3622
77 3625,3651,3665,3669,3640,3667,3648,3626,3670,3652,3633,3636,3662,3638,3663,3645,3668,3666,3664,3656,3642,3671,3654,3634,3658,3624,3661,3630,3632,3639,3647,3646,3650,3628,3649,3655,3643,3659,3653,3629,3631,3657,3627,3660,3635,3644,3637,3641
11 3683,3678,3676,3673,3680,3681,3675,3677,3672,3682,3679,3674
203 3719,3716,3703,3688,3717,3714,3712,3707,3701,3715,3700,3709,3710,3706,3690,3686,3692,3689,3698,3694,3711,3696,3713,3684,3705,3718,3702,3699,3687,3697,3708,3685,3693,3691,3704,3695
230 3731,3730,3725,3724,3728,3727,3722,3726,3729,3721,3720,3723
181 3751,3753,3742,3747,3744,3737,3743,3749,3746,3738,3740,3732,3733,3755,3754,3734,3745,3750,3735,3736,3741,3752,3739,3748
57 3760,3761,3757,3756,3759,3758
213 3766,3778,3771,3777,3765,3776,3769,3773,3779,3762,3763,3772,3764,3767,3775,3770,3774,3768
3 3790,3780,3787,3784,3791,3789,3783,3782,3786,3788,3781,3785
228 3818,3800,3799,3817,3808,3806,3812,3793,3801,3798,3802,3809,3819,3794,3820,3803,3792,3815,3813,3797,3796,3821,3816,3805,3810,3814,3807,3795,3811,3804
139 3835,3834,3837,3838,3836,3825,3822,3831,3841,3840,3823,3839,3832,3833,3828,3830,3842,3826,3844,3829,3824,3845,3843,3827
46 3855,3866,3854,3879,3876,3852,3877,3868,3881,3869,3870,3848,3847,3865,3875,3861,3850,3860,3862,3867,3871,3864,3872,3849,3873,3863,3880,3859,3878,3851,3856,3874,3858,3853,3846,3857
64 3905,3904,3915,3902,3938,3941,3935,3940,3893,3887,3924,3926,3939,3936,3927,3883,3937,3882,3890,3930,3917,3894,3934,3900,3932,3931,3909,3933,3911,3919,3929,3895,3906,3897,3916,3891,3914,3896,3925,3920,3888,3912,3892,3910,3908,3886,3884,3913,3889,3898,3918,3901,3923,3907,3903,3921,3899,3885,3928,3922
26 3947,3946,3942,3944,3943,3945
243 3953,3948,3950,3949,3951,3952
91 3959,3957,3958,3955,3956,3954
0 3960,3962,3963,3965,3961,3964
162 3972,3974,3966,3981,3985,3967,3989,3971,3980,3973,3983,3986,3976,3987,3975,3970,3979,3988,3977,3968,3969,3982,3978,3984
132 4001,3993,4000,3998,3995,3994,3990,3991,3996,3997,3999,3992
36 4027,4017,4030,4010,4002,4022,4011,4021,4004,4006,4020,4031,4019,4029,4003,4016,4013,4014,4018,4009,4025,4012,4008,4015,4007,4005,4026,4024,4023,4028
156 4037,4033,4036,4035,4032,4034
107 4059,4055,4040,4069,4046,4045,4063,4064,4053,4073,4071,4048,4051,4068,4057,4076,4042,4065,4060,4056,4078,4039,4058,4079,4067,4062,4050,4041,4077,4075,4044,4070,4074,4061,4049,4043,4072,4047,4066,4052,4054,4038
249 4090,4086,4084,4082,4087,4088,4081,4091,4080,4089,4085,4083
85 4098,4109,4095,4104,4094,4092,4101,4105,4107,4093,4108,4096,4106,4100,4099,4097,4103,4102
225 4123,4111,4112,4126,4115,4122,4124,4125,4114,4113,4116,4119,4127,4110,4118,4120,4121,4117
231 4129,4133,4131,4130,4128,4132
240 4138,4135,4137,4145,4144,4143,4136,4140,4139,4142,4141,4134
135 4168,4176,4181,4180,4175,4178,4161,4160,4146,4179,4170,4150,4157,4177,4152,4151,4172,4155,4158,4173,4167,4171,4174,4153,4159,4154,4156,4162,4163,4147,4166,4148,4165,4164,4169,4149
207 4184,4182,4185,4187,4186,4183
197 4207,4189,4204,4202,4188,4209,4206,4199,4196,4192,4195,4194,4198,4197,4201,4193,4211,4191,4210,4200,4190,4203,4208,4205
15 4217,4214,4212,4215,4216,4213
252 4234,4235,4225,4221,4232,4224,4227,4218,4223,4231,4233,4222,4226,4219,4229,4228,4230,4220
185 4239,4238,4244,4247,4243,4237,4242,4241,4236,4246,4240,4245
6 4270,4263,4271,4260,4253,4267,4258,4264,4256,4250,4269,4254,4259,4249,4251,4252,4255,4261,4268,4257,4262,4248,4266,4265
161 4275,4305,4314,4299,4300,4285,4317,4319,4316,4279,4281,4311,4312,4310,4313,4297,4304,4296,4318,4294,4298,4291,4289,4301,4284,4273,4288,4282,4276,4286,4277,4290,4315,4283,4272,4295,4278,4302,4274,4307,4287,4306,4308,4309,4280,4293,4292,4303
218 4330,4323,4324,4327,4322,4326,4329,4331,4325,4328,4321,4320
136 4340,4333,4343,4339,4341,4335,4337,4336,4334,4342,4338,4332
94 4355,4353,4345,4354,4347,4349,4352,4348,4346,4351,4344,4350
37 4399,4379,4388,4357,4377,4368,4396,4403,4400,4369,4356,4401,4360,4373,4397,4389,4387,4390,4365,4378,4375,4386,4398,4376,4393,4370,4366,4402,4395,4391,4371,4362,4359,4382,4383,4374,4361,4394,4358,4367,4380,4363,4392,4364,4372,4381,4385,4384
149 4466,4462,4418,4440,4468,4469,4456,4463,4461,4450,4411,4441,4408,4452,4467,4444,4428,4446,4455,4405,4420,4457,4458,4442,4410,4430,4432,4438,4409,4422,4447,4445,4425,4414,4419,4429,4443,4417,4427,4423,4434,4424,4449,4459,4460,4465,4431,4407,4421,4451,4464,4448,4433,4404,4435,4412,4453,4454,4406,4416,4413,4439,4436,4437,4415,4426
13 4474,4473,4470,4472,4475,4471
39 4481,4480,4476,4479,4478,4477
