234	7,10,6,2,8,4,9,11,3,5
1	39,23,16,21,34,38,36,24,37,31
4	49,50,52,48,53,47,46,51,42,44
16	64,57,65,61,56,62,55,60,58,54
18	113,95,109,111,90,99,67,78,92,106
19	125,119,114,116,121,122,115,118,123,120
21	126,130,155,145,143,160,154,139,161,144
23	165,172,162,175,177,169,173,164,171,178
24	190,191,189,180,184,187,186,182,185,188
25	193,194,195,192,203,199,202,197,200,201
28	217,209,208,221,206,212,205,216,213,214
30	237,239,232,231,236,229,228,238,230,223
31	253,255,247,242,256,248,241,243,244,251
32	265,279,274,264,260,258,278,269,267,272
216	323,321,322,294,290,308,307,319,289,304
34	328,370,371,372,349,348,367,338,352,359
40	395,383,393,394,384,386,389,382,380,392
41	404,397,406,407,413,401,402,412,396,410
42	418,430,428,415,420,416,429,425,419,423
199	437,432,433,436,435,434
160	472,473,440,452,465,469,443,471,447,451
47	487,512,503,489,517,519,474,511,484,514
78	549,548,547,529,550,538,540,545,551,532
48	563,560,552,557,554,556,562,553,559,561
53	569,564,575,574,570,572,568,567,566,565
250	593,590,592,577,580,583,579,588,584,585
49	595,596,604,594,605,602,600,603,601,599
257	607,606,611,610,609,608
22	622,615,619,620,623,621,616,612,618,613
67	652,654,657,648,656,638,650,651,628,641
68	676,692,695,691,690,679,685,663,684,662
69	706,701,702,707,698,699,696,705,697,703
71	725,723,724,721,722,720,713,709,708,712
74	735,736,732,730,733,729,737,726,727,728
75	790,763,794,759,767,788,770,783,778,764
76	803,802,800,799,798,801
159	814,808,804,815,813,806,810,809,805,812
80	885,845,822,899,901,867,909,903,819,837
82	928,929,914,924,919,913,916,923,918,927
83	931,945,942,960,966,971,972,974,973,961
84	978,980,983,982,981,979
87	992,1010,1013,986,989,1012,997,998,1002,990
88	1019,1016,1014,1018,1015,1017
90	1020,1025,1030,1022,1028,1023,1027,1026,1031,1021
92	1041,1037,1043,1035,1042,1040,1036,1039,1034,1032
96	1044,1047,1052,1048,1053,1054,1045,1049,1050,1055
98	1065,1067,1060,1058,1066,1062,1056,1061,1057,1063
97	1084,1073,1068,1078,1085,1083,1081,1080,1071,1075
102	1090,1086,1087,1089,1091,1088
190	1096,1095,1092,1094,1097,1093
105	1100,1106,1109,1102,1103,1104,1101,1108,1107,1098
50	1111,1110,1115,1112,1113,1114
106	1120,1117,1118,1116,1119,1121
108	1147,1128,1132,1148,1130,1136,1122,1151,1137,1142
112	1159,1153,1162,1156,1163,1154,1152,1161,1158,1160
119	1186,1175,1178,1182,1187,1181,1165,1185,1168,1167
120	1198,1188,1196,1193,1194,1191,1195,1197,1199,1190
121	1204,1203,1219,1228,1207,1222,1221,1200,1212,1208
122	1266,1285,1291,1247,1254,1238,1271,1278,1288,1241
65	1311,1302,1313,1304,1312,1299,1303,1298,1301,1307
124	1319,1317,1314,1318,1316,1315
125	1321,1322,1323,1320,1324,1325
115	1330,1327,1329,1331,1326,1328
126	1337,1332,1336,1334,1333,1335
128	1341,1353,1352,1346,1351,1350,1340,1354,1343,1355
131	1359,1446,1380,1372,1387,1395,1450,1381,1422,1385
129	1481,1476,1480,1478,1477,1479
130	1487,1484,1486,1483,1482,1485
134	1491,1494,1490,1497,1499,1489,1493,1498,1496,1492
138	1504,1500,1503,1501,1502,1505
142	1529,1521,1506,1508,1511,1525,1512,1518,1523,1526
144	1535,1533,1534,1532,1531,1530
60	1573,1575,1544,1571,1574,1537,1547,1562,1536,1554
146	1581,1587,1580,1593,1595,1578,1588,1594,1579,1584
147	1606,1612,1603,1610,1608,1611,1600,1613,1597,1609
148	1616,1617,1615,1614,1619,1618
151	1630,1629,1631,1620,1622,1624,1621,1627,1626,1625
152	1657,1664,1649,1651,1652,1656,1659,1645,1654,1661
153	1686,1688,1679,1681,1675,1689,1673,1682,1674,1691
165	1715,1706,1714,1702,1707,1709,1710,1712,1713,1703
167	1717,1719,1721,1718,1716,1720
168	1723,1726,1731,1728,1730,1725,1727,1722,1733,1732
169	1769,1739,1765,1740,1750,1762,1761,1742,1743,1744
171	1778,1776,1774,1780,1777,1779,1772,1770,1781,1775
172	1783,1784,1787,1785,1782,1786
175	1806,1825,1803,1802,1814,1833,1834,1789,1811,1801
177	1845,1863,1865,1849,1861,1847,1846,1858,1864,1842
178	1871,1878,1866,1876,1882,1881,1873,1867,1870,1875
179	1888,1885,1889,1887,1884,1886
182	1893,1891,1890,1894,1895,1892
183	1901,1905,1904,1899,1900,1907,1903,1898,1902,1906
73	1921,1916,1910,1925,1917,1922,1911,1918,1924,1913
184	1934,1931,1935,1928,1933,1932,1926,1927,1929,1937
186	1940,1955,1953,1942,1956,1944,1952,1961,1938,1941
187	1993,1975,1967,1992,1986,1972,1966,1970,1996,1997
255	2009,2008,2005,2003,2007,1998,2002,2006,2000,2001
188	2029,2031,2023,2032,2014,2011,2010,2012,2027,2030
109	2061,2059,2045,2035,2063,2047,2049,2062,2057,2040
191	2082,2091,2087,2066,2078,2090,2093,2077,2072,2092
193	2097,2095,2101,2104,2105,2100,2102,2096,2103,2094
194	2120,2122,2117,2118,2121,2127,2119,2109,2112,2110
196	2136,2156,2157,2151,2158,2139,2143,2154,2155,2159
198	2213,2238,2212,2231,2198,2236,2221,2209,2176,2172
200	2252,2254,2253,2248,2249,2255,2251,2250,2247,2245
201	2275,2269,2261,2265,2267,2283,2270,2282,2272,2273
202	2290,2314,2288,2315,2311,2289,2298,2313,2306,2305
204	2316,2318,2321,2317,2320,2319
206	2332,2344,2330,2334,2336,2326,2324,2325,2333,2343
208	2354,2353,2358,2351,2364,2357,2363,2368,2346,2349
245	2385,2372,2386,2383,2387,2370,2381,2373,2371,2377
209	2398,2399,2392,2391,2393,2389,2397,2390,2395,2394
210	2423,2420,2402,2404,2422,2413,2406,2411,2418,2400
214	2429,2459,2437,2432,2427,2446,2461,2462,2465,2441
215	2469,2467,2471,2470,2466,2468
217	2476,2474,2472,2477,2475,2473
219	2489,2479,2485,2484,2492,2487,2483,2480,2490,2478
221	2513,2505,2506,2503,2499,2512,2511,2507,2508,2500
222	2535,2569,2550,2517,2516,2544,2551,2572,2563,2568
223	2589,2579,2591,2590,2581,2586,2577,2588,2580,2576
227	2609,2596,2603,2597,2599,2607,2608,2606,2600,2595
229	2610,2615,2614,2612,2613,2611
232	2616,2632,2625,2622,2617,2628,2623,2633,2629,2621
235	2635,2637,2634,2636,2638,2639
236	2644,2645,2642,2643,2640,2641
110	2649,2647,2651,2650,2646,2648
239	2654,2696,2698,2657,2668,2690,2661,2677,2694,2699
55	2718,2733,2707,2740,2725,2737,2727,2745,2719,2746
246	2753,2749,2748,2750,2752,2751
248	2765,2771,2767,2769,2770,2756,2757,2764,2762,2768
253	2783,2782,2776,2775,2781,2779,2774,2778,2780,2777
254	2788,2787,2785,2784,2786,2789
256	2797,2801,2792,2793,2800,2794,2796,2798,2799,2790
258	2827,2825,2845,2842,2843,2849,2809,2847,2844,2805
259	2859,2855,2861,2854,2850,2851,2860,2852,2858,2853
260	2879,2862,2876,2867,2872,2874,2868,2863,2878,2871
262	2885,2880,2889,2887,2883,2888,2886,2881,2884,2882
263	2910,2903,2914,2907,2911,2906,2905,2898,2904,2899
123	2926,2916,2933,2925,2931,2917,2920,2930,2922,2928
224	2945,2944,2940,2939,2943,2936,2938,2935,2937,2942
103	2960,2948,2962,2952,2964,2953,2951,2959,2965,2968
5	2979,2980,2981,2978,2972,2975,2974,2977,2973,2970
62	3003,3005,2997,2993,3004,2991,2996,2988,3002,3001
145	3039,3014,3025,3024,3034,3038,3019,3027,3035,3036
72	3047,3043,3046,3042,3044,3045
163	3104,3084,3098,3067,3074,3105,3088,3075,3070,3069
150	3113,3112,3109,3110,3108,3111
38	3115,3116,3119,3118,3117,3114
8	3133,3131,3136,3128,3126,3125,3122,3135,3137,3127
27	3138,3141,3139,3142,3140,3143
79	3149,3145,3146,3148,3147,3144
61	3175,3181,3182,3174,3178,3173,3162,3158,3164,3170
176	3203,3194,3193,3188,3202,3189,3198,3200,3190,3199
154	3212,3218,3215,3220,3204,3221,3208,3206,3216,3210
33	3224,3227,3226,3225,3223,3222
7	3245,3243,3244,3237,3231,3240,3241,3236,3238,3242
189	3251,3246,3247,3250,3249,3248
89	3287,3262,3265,3257,3288,3292,3266,3277,3268,3261
100	3298,3296,3305,3302,3303,3300,3301,3297,3294,3304
17	3306,3310,3308,3307,3309,3311
35	3317,3316,3312,3314,3315,3313
63	3318,3319,3323,3321,3322,3320
2	3326,3334,3324,3330,3332,3344,3331,3347,3325,3343
58	3359,3351,3350,3354,3355,3357,3356,3352,3358,3353
173	3375,3366,3373,3371,3372,3368,3374,3367,3365,3377
158	3383,3379,3382,3380,3378,3381
113	3389,3405,3429,3434,3423,3403,3400,3415,3420,3431
114	3443,3438,3440,3439,3441,3442
9	3454,3464,3448,3456,3459,3445,3465,3455,3466,3444
251	3473,3468,3470,3469,3471,3472
43	3479,3476,3474,3475,3477,3478
10	3497,3496,3495,3487,3488,3485,3481,3491,3482,3483
241	3503,3498,3502,3501,3500,3499
226	3519,3508,3527,3521,3507,3522,3525,3526,3514,3518
155	3536,3555,3553,3541,3557,3546,3554,3556,3537,3550
164	3561,3562,3563,3559,3560,3558
81	3585,3564,3575,3584,3586,3569,3570,3583,3567,3565
44	3593,3592,3589,3588,3591,3590
20	3601,3599,3603,3598,3597,3594,3600,3602,3604,3605
45	3613,3623,3612,3620,3608,3611,3621,3614,3606,3616
77	3651,3665,3667,3640,3625,3648,3647,3669,3638,3661
11	3682,3683,3680,3681,3676,3672,3673,3677,3675,3679
203	3703,3719,3716,3717,3712,3715,3688,3714,3694,3701
230	3731,3730,3727,3721,3725,3723,3720,3728,3726,3724
181	3751,3743,3737,3753,3747,3742,3744,3749,3740,3746
57	3761,3760,3757,3756,3759,3758
213	3766,3773,3778,3771,3777,3769,3774,3762,3776,3779
3	3790,3787,3780,3784,3791,3782,3783,3789,3788,3786
228	3818,3800,3806,3799,3801,3794,3808,3812,3817,3811
139	3835,3834,3840,3837,3833,3823,3836,3841,3828,3838
46	3866,3855,3879,3852,3854,3876,3848,3881,3847,3873
64	3915,3904,3938,3902,3905,3916,3935,3940,3882,3941
26	3947,3942,3946,3945,3943,3944
243	3953,3948,3950,3951,3952,3949
91	3959,3957,3955,3958,3954,3956
0	3962,3960,3963,3965,3964,3961
162	3972,3974,3985,3981,3971,3966,3980,3967,3988,3973
132	3995,4001,3993,3994,3990,3998,3999,4000,3992,3996
36	4027,4020,4017,4010,4003,4023,4002,4004,4006,4011
156	4037,4033,4036,4035,4032,4034
107	4059,4055,4056,4040,4071,4073,4046,4063,4064,4069
249	4090,4086,4081,4091,4084,4088,4082,4089,4083,4085
85	4098,4104,4109,4093,4094,4095,4101,4092,4108,4103
225	4123,4112,4114,4111,4113,4115,4125,4126,4122,4124
231	4129,4133,4131,4132,4130,4128
240	4138,4145,4135,4137,4144,4136,4143,4142,4140,4134
135	4168,4181,4176,4158,4151,4180,4179,4161,4160,4150
207	4184,4182,4185,4183,4187,4186
197	4189,4202,4199,4188,4207,4195,4204,4206,4198,4192
15	4217,4214,4215,4212,4216,4213
252	4234,4221,4225,4224,4235,4227,4218,4223,4231,4233
185	4239,4238,4237,4247,4244,4243,4240,4241,4242,4245
6	4270,4271,4263,4260,4258,4250,4252,4264,4251,4256
161	4314,4275,4305,4319,4299,4297,4300,4285,4313,4316
218	4324,4330,4327,4323,4322,4326,4331,4329,4328,4325
136	4333,4340,4343,4335,4339,4337,4334,4341,4336,4342
94	4355,4345,4347,4353,4349,4354,4346,4351,4352,4344
37	4399,4388,4357,4379,4377,4387,4402,4368,4360,4403
149	4462,4418,4469,4466,4456,4450,4440,4463,4441,4468
13	4474,4473,4475,4472,4470,4471
39	4481,4480,4476,4478,4479,4477
244	4482,4486,4485,4483,4487,4484
